0.8400
1.0460
1.7149
2.7097
3.2843
3.8742
4.0153
4.5260
4.9790
5.6713
6.0002
6.3361
6.6673
7.0009
7.3419
7.4929
7.6693
8.0029
8.3342
8.6680
9.0024
9.3429
9.6697
10.0068
10.3369
10.6666
11.0025
11.3343
11.6700
12.0006
12.3349
12.6752
13.0014
13.3347
13.6682
13.9999
14.3370
14.5011
14.6761
15.0022
15.1670
15.3082
15.5013
15.6645
15.8304
16.0017
16.3331
16.5045
16.6681
16.9824
17.3330
17.6679
17.8318
17.9529
18.0080
18.3177
18.9988
19.2956
19.6507
20.0079
20.3344
20.5058
20.6756
20.9822
21.0841
21.3329
21.6680
21.8565
21.9995
22.3357
22.6667
23.0013
23.2959
23.6694
24.0017
24.3355
24.6668
25.0011
25.3412
25.6695
26.0082
26.3358
26.6673
26.9996
27.1074
27.1762
27.2954
27.6693
28.0006
28.3361
28.6754
29.0020
29.3360
29.6681
30.0018
30.3350
30.6745
31.0023
31.1091
31.2956
31.6691
32.0007
32.1507
32.3344
32.5036
32.6680
33.0023
33.3318
33.6702
34.0085
34.3347
34.6691
35.0040
35.1242
35.1883
35.3093
35.6801
36.0100
36.3349
36.5000
36.6688
36.8360
36.9966
37.1640
37.3353
37.6701
38.0008
38.3352
38.6675
39.0023
39.3427
39.6684
40.0012
40.3354
40.6671
41.0004
41.3407
41.6688
42.0077
42.3361
42.6648
42.9957
43.1526
43.2518
43.3368
43.6558
44.0005
44.3209
44.4864
44.5850
44.6742
45.0043
45.3347
45.6687
45.8633
46.0017
46.3234
46.6755
46.9997
47.1533
47.3403
47.6698
47.9994
48.3334
48.5279
48.6667
48.9927
49.3344
49.6601
49.8194
49.9185
50.0080
50.3355
50.4429
50.6694
51.0023
51.1290
51.2367
51.3344
51.6540
52.0071
52.3209
52.4844
52.5849
52.6758
53.0035
53.3313
53.6684
53.8628
54.0009
54.3235
54.6674
54.9875
55.1525
55.2517
55.3424
55.6688
56.0041
56.3354
56.5262
57.0022
57.1079
58.6663
58.8437
59.0190
59.1824
59.5009
59.6716
60.0040
60.3276
60.4921
60.8341
60.9955
61.3331
61.6499
61.8119
62.1677
62.3188
62.6675
62.8495
62.9795
63.1548
63.5001
63.6479
64.0014
64.3520
64.5149
64.8336
65.0031
65.3384
65.5117
65.6610
65.8264
66.1666
66.3274
66.6668
66.8311
66.9836
67.1449
67.5022
67.6532
68.0013
68.1828
68.3139
68.4877
68.8327
68.9824
69.3334
69.6558
69.8208
69.9193
70.1676
70.3222
70.6675
70.9897
71.1546
71.2518
71.5000
71.6554
71.9998
72.3236
72.4886
72.5845
72.8348
72.9881
73.3338
73.5164
73.6571
73.8214
73.9185
74.1675
74.3237
74.6669
74.9881
75.1544
75.5011
75.6568
76.0012
76.3225
76.4875
76.5842
76.8345
76.9889
77.3332
77.6554
77.8224
77.9186
78.1669
78.3228
78.6669
78.9904
79.1545
79.2517
79.5007
79.6565
80.0005
80.3332
80.4621
80.5715
80.6665
81.0008
81.3358
81.6683
81.8611
82.0053
82.3340
82.6692
82.9991
83.3342
83.6659
83.7757
84.0059
84.3343
84.4648
84.6739
85.0007
85.3338
85.6683
85.9188
86.0001
86.3370
86.6665
87.0022
87.3424
87.6692
87.7752
88.0011
88.3387
88.4641
88.6665
89.0024
89.3388
89.6704
89.8650
90.0086
90.3352
90.6676
91.0002
91.3346
91.6684
91.7751
92.0013
92.3366
92.4638
92.5695
92.6756
93.0017
93.6690
93.8641
94.0018
94.3362
94.4976
94.6735
95.0020
95.1913
95.3411
95.6701
95.7751
95.9999
96.3351
96.4638
97.0017
97.3340
97.6690
97.8663
98.0064
98.3354
98.6697
99.0012
99.3344
99.6690
99.7744
100.0058
100.3364
100.5034
100.6734
101.0034
101.3340
101.6688
101.8634
101.9198
102.0005
102.3369
102.6688
103.0018
103.1955
103.3436
103.6681
103.7760
104.0069
104.3353
104.4999
104.6693
104.8351
104.9970
105.1639